Finished Stream
frames per second: 0.03
Bits per second: 29166.43
Droprate dobby.cs.umu.se 5.1%
Latency dobby.cs.umu.se 156.78ms
82
340
203
303
226
93
67
227
315
300
307
521
299
304
210
201
73
91
149
708
95
419
87
226
303
102
307
317
216
283
308
213
85
212
206
93
214
101
205
310
70
236
205
162
225
139
87
115
205
183
252
187
307
215
217
212
196
310
414
197
281
232
91
327
195
205
307
204
124
217
371
342
135
580
227
278
229
310
84
643
192
44
252
237
203
131
45
58
91
86
231
67
148
600
56
210
242
224
120
94
103
84
75
236
215
125
141
528
235
236
177
192
133
167
212
307
213
239
264
157
150
233
117
270
139
90
55
207
242
62
102
157
191
74
61
111
245
188
114
247
56
195
222
129
190
58
54
197
60
40
92
102
247
123
70
93
68
54
234
96
122
198
151
221
49
180
164
116
248
292
41
235
134
136
107
170
186
244
134
41
95
55
44
146
260
94
249
137
109
248
100
183
53
171
275
108
87
188
144
51
62
236
219
251
48
288
183
211
74
231
42
99
105
128
119
94
92
216
145
81
186
245
92
93
72
98
178
205
125
91
90
104
244
196
98
62
137
224
169
106
161
135
56
110
123
327
196
238
58
129
192
263
70
104
198
91
192
72
168
132
123
82
193
99
93
88
85
117
227
57
191
41
274
191
124
247
223
184
103
190
227
91
143
344
174
205
170
125
184
152
100
88
213
180
54
98
191
89
115
231
114
95
210
212
149
200
104
248
244
142
202
45
53
156
231
147
245
346
91
53
72
77
44
124
53
232
140
233
117
229
249
62
177
176
78
201
207
159
172
171
188
193
104
124
217
148
42
248
109
93
200
97
58
114
42
177
181
177
83
432
190
81
223
64
205
60
157
235
177
226
156
162
172
171
174
78
255
91
69
148
170
153
188
131
185
265
134
125
90
71
61
119
102
163
241
144
217
180
241
172
201
89
110
203
227
124
191
46
153
207
47
142
164
206
195
187
141
72
199
235
41
72
214
269
212
65
70
151
164
145
201
83
160
231
115
90
52
110
154
128
95
202
44
158
258
111
129
230
212
47
198
135
214
78
68
153
180
49
75
99
145
233
158
146
143
203
152
204
221
213
158
184
249
155
145
112
119
68
215
179
199
143
238
118
213
108
43
241
47
241
241
64
269
167
139
102
164
258
126
238
64
194
89
118
196
96
95
203
214
99
89
236
59
117
71
71
183
179
81
251
103
242
130
117
119
97
104
146
69
308
83
132
186
79
96
109
243
239
63
51
223
135
253
257
216
143
238
241
80
65
106
153
122
104
194
79
203
82
125
95
99
172
91
222
91
128
66
80
113
177
100
247
188
136
213
229
191
250
220
253
84
58
88
43
158
41
62
103
85
229
55
51
195
197
173
51
148
223
202
141
197
77
193
146
203
72
159
118
147
82
94
170
110
161
183
135
89
199
106
76
42
246
162
236
95
217
205
110
79
83
110
122
227
92
186
201
279
196
160
135
99
64
231
229
113
212
56
210
94
114
210
114
177
113
144
48
243
150
210
125
97
172
249
199
83
122
150
150
155
248
114
59
176
50
105
131
122
190
216
229
122
179
238
66
64
188
168
205
109
104
57
105
238
245
72
179
150
157
111
212
60
161
290
207
234
195
67
197
100
125
253
114
197
117
240
138
240
95
90
211
171
212
65
146
92
111
148
105
90
212
247
104
154
177
180
103
205
39
166
177
241
85
146
238
92
83
225
209
178
122
227
203
213
249
206
70
70
72
115
130
245
113
155
205
239
73
263
85
204
162
236
98
191
90
192
50
121
50
40
76
211
154
179
222
114
149
370
260
154
231
188
212
132
254
218
71
237
218
165
219
175
152
172
126
145
165
183
161
167
127
221
78
55
168
113
117
86
205
57
222
225
123
77
118
97
180
142
134
231
122
187
166
223
243
203
166
122
148
155
165
202
251
160
148
115
215
245
118
110
66
84
75
243
154
148
143
150
299
163
196
187
121
75
184
47
236
216
90
106
194
70
157
136
198
152
218
210
148
293
174
226
135
112
233
205
273
200
202
189
63
235
214
216
225
85
180
213
248
236
162
212
146
86
54
125
115
78
522
82
195
74
80
139
144
179
110
54
238
103
85
93
123
253
171
64
174
42
85
201
232
149
187
172
236
150
198
114
236
43
162
215
204
172
72
94
123
155
149
71
137
62
63
221
86
95
145
77
234
66
128
241
75
231
290
281
262
98
324
327
166
146
164
150
297
165
320
295
176
242
232
83
123
200
218
213
201
124
136
77
81
39
220
126
181
40
223
223
233
222
117
169
128
158
168
183
219
78
71
141
72
248
144
231
224
158
133
69
42
43
248
251
87
99
125
180
117
200
184
249
134
222
223
206
102
167
99
65
142
161
158
178
153
88
84
129
110
144
170
81
86
212
229
216
218
49
51
48
154
134
44
243
97
197
221
118
78
72
250
190
213
89
57
196
178
195
232
55
61
48
47
219
162
100
248
103
141
42
196
155
233
198
127
167
160
119
229
75
76
134
127
175
107
239
77
117
227
166
204
167
196
157
235
64
127
156
219
241
52
52
87
138
175
203
319
229
211
209
206
170
119
92
232
251
42
195
71
141
183
251
66
146
161
176
222
219
119
174
209
197
213
215
247
44
79
207
243
82
228
84
173
41
53
207
236
40
174
230
161
50
154
86
126
207
119
84
74
238
89
98
198
186
210
47
47
44
156
129
187
173
198
160
90
195
54
127
145
129
197
244
212
63
59
82
158
43
83
220
123
82
181
230
129
225
58
98
174
204
102
175
243
141
211
188
182
55
218
228
115
221
235
158
203
84
167
155
170
165
179
111
66
95
182
42
116
72
213
125
245
170
63
214
167
84
68
221
46
88
221
70
265
132
137
47
178
118
252
220
92
59
246
164
239
120
176
143
203
287
134
68
94
134
103
248
129
184
166
119
97
51
204
62
152
142
246
213
80
138
239
60
82
83
146
248
144
155
97
84
147
83
130
204
92
107
207
236
137
172
180
168
222
119
59
195
134
102
228
78
117
543
138
114
115
219
255
150
208
56
185
152
206
147
92
196
191
116
64
242
66
164
225
137
144
202
89
204
187
212
66
223
239
141
125
179
228
81
52
250
106
212
225
143
205
71
176
146
148
47
135
211
169
125
69
165
247
237
212
225
142
208
64
87
135
91
80
108
139
144
262
185
133
142
195
127
55
230
233
234
59
179
157
227
202
39
75
120
223
92
214
53
114
80
111
156
244
98
68
152
187
146
58
103
201
245
222
199
128
125
174
147
155
131
101
208
45
125
158
119
210
197
240
59
165
122
134
158
127
105
83
111
201
177
172
225
185
65
56
251
161
188
191
50
85
203
128
149
52
75
190
197
208
113
220
163
183
88
203
91
59
231
109
79
243
149
86
65
62
156
225
174
59
157
107
99
71
238
250
113
146
55
48
201
92
256
123
142
80
223
90
211
220
213
166
88
137
159
132
84
87
216
220
78
160
228
113
54
103
175
227
253
133
81
152
155
214
145
118
92
129
124
164
99
142
157
189
198
107
209
235
65
196
163
58
179
138
233
205
41
194
283
277
303
173
154
165
165
64
97
140
173
245
154
168
138
268
42
57
164
117
197
235
53
140
110
251
68
145
105
85
125
43
41
76
108
134
44
84
90
112
152
217
155
65
143
236
217
265
39
188
131
129
195
72
185
54
224
139
247
137
85
104
250
101
138
162
92
105
59
150
152
180
101
150
46
209
166
229
257
63
150
236
206
246
130
114
66
110
199
113
97
183
190
121
82
156
175
172
102
79
128
228
307
119
90
46
243
196
96
218
223
126
225
135
178
86
238
236
161
233
208
53
196
78
191
172
108
123
156
248
344
185
192
147
118
194
195
62
215
158
107
100
191
155
174
82
207
160
45
99
241
103
250
62
101
55
64
46
192
58
215
127
137
93
182
261
202
254
135
235
148
70
172
54
215
245
221
106
104
192
74
160
240
207
136
211
120
145
82
105
174
236
142
59
51
198
196
249
158
157
142
121
225
194
49
315
231
53
231
218
159
214
41
168
57
176
174
75
148
195
251
165
230
136
60
198
180
171
145
166
77
93
188
187
195
78
143
168
214
244
289
245
215
95
167
79
248
186
134
201
161
116
159
168
