Finished Stream
frames per second: 0.03
Bits per second: 28966.87
Droprate harry.cs.umu.se 5.21%
Latency harry.cs.umu.se 157.05ms
104
214
85
220
113
182
243
167
196
166
131
190
46
42
249
82
231
99
321
70
69
126
67
281
46
206
225
49
71
161
268
50
243
224
160
195
146
152
164
99
194
85
129
138
102
243
66
316
58
239
149
142
204
215
195
71
210
208
218
68
99
111
254
70
138
77
95
193
214
231
252
148
216
50
103
81
61
241
196
250
134
44
140
242
116
188
73
220
62
77
739
200
631
543
717
164
74
170
104
214
205
194
95
184
239
118
97
210
256
218
246
280
189
226
200
204
235
172
240
95
251
183
203
161
214
216
98
111
277
157
110
156
153
163
312
202
202
206
123
205
190
40
151
50
85
178
53
134
103
124
145
151
97
232
216
226
246
64
152
204
223
75
226
112
225
224
260
158
244
104
231
197
58
56
201
130
48
83
90
177
45
223
225
166
63
102
97
144
196
122
235
48
186
103
118
58
102
189
240
147
105
127
95
63
40
241
204
281
122
147
145
46
89
93
82
191
145
144
255
254
89
51
60
56
189
164
198
229
86
123
208
203
166
161
154
212
189
265
167
203
209
119
198
143
179
217
238
226
242
175
245
210
210
195
61
188
86
184
216
237
84
208
249
237
336
211
138
144
94
187
166
51
221
186
78
213
123
170
154
114
161
168
90
116
174
122
75
91
182
90
71
299
88
124
41
55
263
67
165
208
193
215
55
116
85
206
236
239
203
66
179
196
104
59
55
200
50
139
189
83
164
198
139
50
138
95
106
200
186
113
154
160
221
224
116
102
104
146
117
97
59
113
80
204
215
228
238
163
56
72
204
211
203
219
249
84
247
154
154
218
159
230
170
219
223
212
66
233
97
75
271
92
87
144
64
100
62
253
93
126
56
111
171
135
80
213
52
227
165
130
93
273
58
148
56
146
80
192
71
226
98
99
209
247
168
99
114
257
219
251
121
96
103
51
175
125
120
122
171
185
114
151
196
245
138
158
196
242
65
251
222
56
84
134
108
43
161
141
88
227
48
193
80
50
204
154
239
233
56
254
104
210
156
163
201
210
118
208
69
82
62
201
155
230
114
104
143
73
72
118
75
246
241
162
124
235
48
203
97
100
176
41
57
133
58
76
52
229
205
132
189
244
248
95
227
75
61
53
146
143
191
105
171
117
231
101
128
202
106
209
225
150
112
63
250
105
191
195
224
125
88
79
211
60
96
64
142
138
133
236
52
243
180
54
181
56
130
42
234
188
118
198
47
58
221
126
124
142
101
201
74
156
252
72
98
72
224
61
158
108
70
64
245
116
200
74
824
255
689
413
664
301
47
87
200
212
207
120
167
150
114
104
181
65
148
138
124
40
117
169
109
86
164
81
167
138
62
137
174
154
226
253
59
81
58
163
157
218
170
128
246
166
49
106
90
248
81
72
165
182
142
124
53
117
138
94
103
141
59
253
117
229
123
235
365
179
141
107
223
105
164
74
39
126
207
74
97
223
234
63
101
242
216
73
122
141
251
59
95
118
51
241
83
208
110
208
234
106
226
115
233
190
226
217
237
82
228
118
175
89
52
120
146
152
50
85
225
131
41
111
215
235
142
180
173
145
100
203
246
163
39
112
163
75
248
82
192
187
94
179
120
146
120
222
233
240
62
152
185
769
367
817
276
629
208
145
84
215
233
47
124
59
55
75
68
55
176
233
114
218
210
105
192
112
150
141
209
260
120
288
242
176
96
92
216
75
193
70
58
112
142
62
198
107
134
207
41
168
217
249
187
92
148
252
132
124
324
57
474
196
201
71
103
72
53
68
160
113
281
281
262
114
54
195
170
141
209
53
184
116
46
100
148
94
83
164
62
111
130
144
116
222
191
170
91
128
112
207
189
56
202
240
208
181
81
234
204
182
89
211
79
81
152
189
116
55
248
185
192
193
235
56
46
125
223
146
215
170
160
43
107
148
74
121
92
208
48
239
66
120
208
67
45
187
76
187
162
110
142
154
138
217
78
205
200
227
218
236
203
220
129
50
79
209
108
132
196
138
181
152
171
114
144
236
209
252
132
164
151
86
138
221
193
161
208
224
233
233
206
238
63
213
141
128
85
174
141
117
160
244
137
231
220
116
184
227
100
82
200
266
187
39
52
109
238
52
115
224
245
350
99
208
248
87
115
154
100
150
188
148
68
40
166
109
106
64
238
73
84
203
150
131
138
239
127
80
71
243
118
58
251
75
139
103
113
87
495
186
225
68
74
52
46
211
153
257
181
129
155
123
77
131
214
62
240
219
170
148
318
168
175
217
167
233
138
228
211
75
81
60
196
246
65
226
194
69
138
147
175
168
219
109
143
219
67
92
61
203
90
169
150
105
137
125
70
245
241
229
150
95
203
211
206
224
168
132
259
180
198
163
171
83
223
78
50
192
214
233
178
47
100
88
72
191
220
214
178
51
193
71
189
248
47
160
154
61
165
125
126
144
132
72
250
116
154
239
136
190
156
231
143
179
118
245
133
119
66
173
173
193
194
165
252
182
94
75
117
166
225
226
110
141
209
117
294
134
205
144
96
105
77
264
212
132
226
111
48
51
221
252
199
139
239
198
87
241
208
128
295
64
161
120
234
172
87
241
582
235
49
149
202
178
108
100
44
80
66
42
185
249
221
81
188
193
81
126
188
213
58
235
218
212
95
78
220
120
165
91
203
207
201
206
59
247
108
89
122
72
193
193
250
145
39
165
196
215
239
86
41
103
91
88
43
191
167
61
82
63
161
154
205
160
98
44
60
239
93
143
122
140
44
73
106
312
51
208
129
76
59
51
214
160
144
204
162
128
136
245
154
121
203
207
97
171
208
160
116
251
81
232
82
168
142
157
79
199
222
249
223
237
237
250
146
176
128
61
191
231
252
159
205
107
102
240
105
168
116
99
181
213
234
182
208
62
59
147
81
70
77
108
117
168
183
53
170
155
79
178
75
254
139
237
190
117
240
145
153
114
141
181
100
101
65
177
196
84
131
193
55
103
212
256
165
155
57
121
82
40
67
141
45
227
214
86
42
97
104
208
121
132
49
151
153
177
75
161
213
58
219
48
92
208
127
158
185
62
242
42
207
231
63
159
231
209
204
140
126
131
152
236
285
283
139
266
180
91
237
256
56
206
193
245
154
208
137
317
139
64
176
306
222
246
111
169
145
230
116
53
42
250
58
207
55
79
121
164
245
157
179
42
132
225
86
74
184
41
198
179
41
53
289
135
170
205
80
188
114
212
166
75
148
74
161
204
223
228
246
80
95
194
81
198
147
125
218
88
150
77
116
184
143
52
80
245
172
184
88
84
76
114
109
189
174
175
170
209
93
196
154
228
79
190
193
203
66
218
80
282
177
177
256
63
160
186
124
40
154
194
123
191
53
149
194
151
54
86
168
118
144
42
176
217
140
177
63
123
50
86
82
152
65
160
213
53
167
133
249
218
44
57
72
153
145
153
211
118
111
131
249
113
240
156
175
242
175
197
110
88
79
121
182
44
80
132
176
44
81
94
100
186
338
227
116
158
217
250
98
158
223
230
71
149
119
53
200
192
240
68
76
266
56
177
47
50
168
200
127
175
76
379
245
58
135
179
202
211
62
168
230
44
65
47
76
181
150
232
251
113
120
79
234
172
231
212
234
140
92
183
172
198
218
96
77
145
50
125
98
170
87
49
217
50
77
242
212
165
166
65
80
206
156
110
77
52
43
51
119
251
153
58
99
174
251
156
131
264
124
142
143
242
103
73
208
94
201
107
161
245
95
165
159
221
83
235
248
105
172
149
136
62
462
263
318
248
297
274
289
284
245
741
95
824
251
508
228
306
367
204
108
177
147
55
47
154
135
93
120
146
248
126
384
93
87
380
57
219
97
299
207
85
114
207
70
268
45
228
151
313
196
414
63
124
123
52
93
131
47
234
114
199
143
58
199
200
363
46
269
251
153
134
298
103
101
310
159
72
52
211
83
64
45
234
98
206
85
226
273
244
292
254
136
80
450
54
90
219
90
94
194
77
135
157
197
248
131
258
160
108
128
197
272
55
72
67
218
190
227
195
136
67
253
172
301
42
70
208
243
218
174
47
119
120
123
70
150
78
79
95
213
181
71
167
81
328
197
40
179
122
57
68
