Finished Stream
frames per second: 0.03
Bits per second: 28652.66
Droprate draco.cs.umu.se 5.36%
Latency draco.cs.umu.se 157.65ms
113
116
198
90
160
73
40
41
182
150
136
67
213
64
202
203
134
183
84
186
151
206
51
118
109
132
67
98
75
153
76
49
64
176
152
135
252
198
248
41
105
52
209
197
221
65
245
266
167
113
48
235
215
180
160
241
64
160
210
237
147
227
195
145
157
130
168
230
173
310
199
127
231
228
208
166
89
215
155
246
187
268
191
214
181
117
244
250
62
170
175
171
69
202
208
85
96
158
135
243
178
152
181
253
118
85
110
65
286
227
220
120
187
231
98
52
143
70
217
58
85
90
175
207
70
228
204
239
152
213
39
179
121
128
218
290
113
151
223
108
196
150
70
191
208
155
59
216
74
191
103
264
102
232
71
49
55
239
145
192
54
65
213
253
141
177
169
233
82
42
86
189
195
227
208
53
189
154
195
143
131
176
240
184
197
143
115
174
204
254
232
211
177
210
46
151
159
226
76
201
167
62
48
251
184
200
75
179
147
196
210
235
107
64
223
250
172
178
128
153
104
270
230
219
137
136
117
173
246
197
93
250
162
114
138
241
175
110
230
232
107
95
223
405
247
189
212
130
229
180
112
52
122
229
187
169
228
169
236
109
42
52
118
92
110
210
244
197
220
174
89
224
194
213
140
145
232
186
98
107
59
250
110
199
228
144
101
86
122
50
40
73
198
198
45
68
68
120
179
186
147
76
150
173
66
156
152
200
177
84
47
240
230
105
198
57
155
172
63
175
143
195
236
212
190
242
81
128
194
172
214
182
208
225
224
108
66
207
193
145
193
62
54
168
138
124
91
190
215
228
104
63
43
64
69
50
239
237
132
159
114
199
85
83
140
228
189
136
86
170
118
117
157
119
185
160
158
75
170
206
75
93
97
146
151
103
207
236
249
63
219
214
228
87
140
65
235
139
95
244
129
74
177
183
235
246
218
243
89
230
62
221
222
155
103
126
210
174
221
137
84
230
230
132
196
225
173
68
228
165
227
156
92
205
145
40
49
201
80
153
72
44
147
196
238
241
116
131
249
164
144
241
251
121
172
69
194
198
58
112
48
116
116
127
158
193
166
138
183
87
170
111
219
103
219
339
229
123
66
64
204
236
161
189
39
248
128
123
191
208
171
265
222
137
182
174
122
142
144
205
102
64
75
214
213
205
152
143
42
239
58
176
194
148
88
142
144
247
168
197
212
249
160
139
100
67
159
221
138
233
147
224
210
100
133
89
246
183
212
152
70
120
248
261
87
196
108
87
212
180
145
98
251
107
143
104
192
130
179
102
241
151
91
55
154
60
105
247
132
208
538
174
47
236
218
118
243
220
150
197
186
42
234
158
60
207
194
62
324
69
268
167
120
101
131
224
137
152
193
122
258
151
104
94
234
228
44
216
99
109
139
240
213
105
101
94
249
88
235
64
231
155
213
236
118
81
219
150
198
169
121
76
242
126
256
177
209
284
175
133
130
112
310
327
166
148
162
305
172
135
320
169
270
274
73
153
122
53
80
117
173
60
80
68
252
140
147
136
45
250
62
107
98
149
235
202
140
213
212
72
197
117
194
207
203
131
212
184
217
84
150
224
186
149
175
186
237
171
107
82
107
84
69
138
235
121
168
183
67
60
161
79
152
210
44
257
174
134
67
159
80
112
139
166
225
73
121
57
250
163
108
181
247
251
84
73
95
179
247
207
158
135
251
77
65
120
212
97
236
103
213
257
268
57
189
72
165
120
194
230
70
174
165
229
220
237
197
222
61
109
206
96
50
225
165
183
170
128
149
234
105
48
180
120
127
233
162
118
39
174
94
191
90
242
219
110
60
43
204
250
75
335
139
214
156
242
171
122
78
216
117
195
212
91
180
112
137
163
159
255
110
176
60
233
48
107
52
93
140
69
186
134
167
66
160
176
219
72
234
167
139
217
174
96
98
49
114
67
93
54
194
100
127
123
214
215
246
172
333
191
122
242
250
216
59
51
76
197
103
110
150
150
242
166
165
153
244
55
228
131
93
52
92
251
49
58
67
213
79
69
154
134
117
81
144
50
170
163
83
247
81
179
233
53
234
60
125
214
74
98
205
171
165
90
65
88
252
217
74
203
241
226
88
335
202
183
149
49
249
51
201
102
197
59
195
244
93
70
130
154
159
158
101
129
168
226
124
211
50
92
200
170
129
49
221
44
261
198
41
69
92
71
247
63
142
77
121
249
162
70
57
43
99
248
46
216
62
206
259
55
64
323
204
205
83
180
156
222
63
106
193
184
81
119
96
98
222
112
191
280
233
159
137
139
175
170
180
189
82
167
170
65
212
109
137
215
79
145
285
240
202
46
88
138
47
155
223
55
218
218
100
55
90
88
182
184
52
224
99
86
221
59
158
113
191
219
142
196
158
250
78
153
47
81
71
93
202
240
70
184
253
229
238
235
71
144
238
127
226
139
209
207
174
120
165
179
250
138
238
217
47
129
164
81
161
81
205
198
154
207
89
119
279
81
104
70
108
204
178
181
123
41
105
179
57
149
236
257
224
215
158
146
176
177
178
85
162
47
87
198
123
120
148
225
127
89
107
222
114
192
69
241
177
81
56
198
191
68
226
257
134
143
128
57
63
201
164
139
212
202
180
105
135
271
126
201
169
154
197
118
186
223
248
129
188
164
205
55
297
115
82
127
242
225
122
153
92
125
136
250
171
91
229
155
93
248
155
45
173
42
117
130
106
73
170
168
130
90
179
72
171
178
245
90
131
116
211
195
186
64
81
182
153
131
135
160
221
244
179
188
252
166
87
124
100
131
102
52
232
65
98
250
143
265
152
131
268
40
191
165
180
177
196
245
44
223
113
60
376
211
166
308
96
142
259
42
74
140
202
226
61
97
191
57
210
204
142
47
48
227
60
220
253
121
272
177
237
64
223
121
154
159
102
120
162
175
50
133
107
200
244
198
190
74
155
195
45
104
144
99
53
166
72
164
229
186
71
94
240
216
59
190
235
214
89
149
226
148
193
164
233
129
211
60
64
57
67
140
56
126
149
111
248
169
99
204
183
79
151
183
341
229
103
140
215
213
236
182
85
65
179
241
152
212
147
147
249
167
224
106
80
213
121
212
69
184
70
66
114
163
116
122
152
60
81
239
154
156
250
154
47
231
134
146
300
120
151
249
71
168
191
84
71
88
198
94
150
234
222
224
167
231
123
63
195
48
123
71
167
184
62
41
121
94
196
60
178
103
193
203
134
112
143
165
111
120
187
204
196
182
44
191
232
227
87
66
220
100
181
247
147
247
163
147
184
122
238
212
166
121
224
129
44
221
247
230
196
199
130
242
94
108
56
98
183
164
68
44
164
66
264
155
47
129
177
333
208
251
168
218
52
228
203
243
189
161
84
114
44
208
207
96
201
116
348
239
138
182
167
202
242
87
131
147
72
163
234
276
46
42
198
166
177
248
396
445
143
502
230
163
168
90
59
172
198
185
88
190
89
68
71
192
167
76
183
109
579
168
71
171
64
162
146
191
350
235
96
207
242
110
190
206
205
47
54
238
63
68
94
184
150
99
133
70
276
183
239
119
147
164
89
76
52
209
151
410
307
72
237
44
73
129
107
106
256
179
63
102
191
307
308
75
171
80
136
450
71
79
156
223
94
196
211
333
229
149
71
81
210
140
124
151
104
256
192
201
118
240
144
184
170
95
88
59
267
103
202
154
291
254
151
289
124
83
232
205
162
187
89
217
51
69
59
121
52
117
87
166
192
69
275
217
152
66
200
102
70
257
323
103
271
207
304
179
238
104
57
155
307
290
205
212
205
322
51
272
313
468
155
349
207
253
74
211
273
247
200
201
230
229
302
198
57
249
108
111
486
96
208
99
81
401
94
60
138
96
280
322
221
98
302
176
133
202
310
194
72
245
58
57
196
160
110
102
201
135
51
187
222
78
86
196
309
230
150
164
94
142
247
197
233
154
114
129
62
235
66
193
65
73
128
107
146
63
58
255
277
134
324
284
90
199
127
131
251
126
82
154
149
51
180
179
174
49
280
115
119
170
88
136
63
54
104
219
209
173
141
310
172
50
159
77
166
117
203
268
216
57
216
102
61
116
187
135
231
120
187
59
164
55
142
204
139
176
57
251
175
