Droprate bellatrix.cs.umu.se 7.92%
Latency bellatrix.cs.umu.se 428.47ms
168
157
85
89
216
123
200
184
133
109
111
246
140
124
196
185
209
85
709
344
892
923
807
366
717
843
524
450
211
416
512
490
500
415
437
413
735
752
776
184
105
238
229
182
125
192
70
171
103
106
140
108
789
880
768
692
818
128
240
92
620
1016
1823
403
619
582
647
598
664
811
803
1058
573
685
690
579
136
169
163
84
920
597
731
961
452
475
585
471
493
342
471
698
580
451
210
1067
477
525
557
417
604
556
941
161
301
102
683
520
977
272
398
271
214
230
226
121
160
50
42
71
59
99
940
531
513
530
711
114
710
471
645
1042
777
1878
998
2733
239
654
417
184
1140
1761
432
865
382
1068
1228
2387
1024
2824
838
2674
565
2073
890
189
1583
576
142
238
142
63
144
120
244
153
50
95
187
585
858
760
673
660
1007
754
729
1142
833
1045
933
1039
1157
921
920
351
616
961
796
575
734
976
794
751
853
663
824
1015
1023
821
975
280
737
542
307
498
635
922
723
543
214
98
250
54
199
226
97
219
205
109
140
240
251
233
144
155
180
52
142
210
212
125
161
973
816
233
59
78
997
188
606
616
513
344
444
682
718
811
766
1358
548
724
530
888
864
228
74
59
222
196
173
192
141
196
216
121
82
89
538
417
457
434
552
615
622
1009
704
731
629
538
544
988
1097
666
124
43
280
208
269
97
247
182
49
133
43
101
115
124
145
65
51
196
167
221
132
175
306
214
192
129
97
179
179
132
241
102
684
491
345
426
312
373
617
578
497
751
657
444
691
921
1059
222
349
466
192
73
117
208
182
54
126
58
73
208
67
200
50
242
46
206
291
63
77
216
287
224
230
159
158
64
152
234
235
86
141
111
171
245
88
199
174
198
57
200
209
192
136
126
248
159
217
106
145
211
207
102
162
200
252
61
80
171
73
161
204
138
179
156
128
48
118
94
243
253
231
132
176
194
230
212
88
101
176
175
122
217
56
146
64
204
132
70
59
52
238
209
116
251
207
309
44
166
212
53
130
688
898
749
756
998
856
993
