Droprate dobby.cs.umu.se 6.04%
Latency dobby.cs.umu.se 361.97ms
134
191
241
124
144
293
112
115
88
47
244
206
153
185
194
233
211
150
62
243
182
57
208
164
92
587
44
203
166
126
41
127
140
167
149
152
102
50
186
159
141
123
804
1148
453
511
513
496
373
499
384
655
566
227
123
123
192
152
84
79
71
81
204
56
204
231
668
482
616
765
684
743
598
880
589
563
683
512
157
194
194
139
264
195
221
140
206
226
121
75
97
68
102
119
65
137
209
242
208
160
207
169
90
279
45
205
89
64
233
295
64
242
111
242
250
43
464
85
58
155
51
289
193
203
113
219
64
41
106
45
160
64
140
47
101
70
198
140
44
269
143
165
255
74
56
224
232
41
271
112
242
203
153
175
88
47
56
114
983
1136
1023
1125
934
128
185
147
44
238
199
110
159
198
209
222
56
158
157
182
132
116
114
92
300
184
209
140
72
50
245
74
83
81
249
73
348
313
143
264
234
54
1057
693
545
604
1117
921
806
776
446
685
876
999
768
1100
167
306
228
236
171
249
53
211
90
101
163
236
92
206
41
157
214
131
999
667
675
875
1019
959
147
120
121
175
258
251
114
89
203
103
307
185
953
441
533
1127
384
329
629
450
336
1045
578
1960
669
1891
1973
528
595
617
696
791
848
264
69
196
254
108
726
508
619
761
1076
497
176
143
200
178
76
51
121
172
123
232
109
245
49
260
72
165
171
192
290
563
745
2058
2128
654
1148
445
1199
384
458
288
446
711
1054
724
497
860
718
828
746
650
249
186
87
77
450
282
304
429
171
446
526
338
464
366
317
605
444
544
673
724
413
768
990
226
235
186
122
314
92
174
316
69
274
71
204
125
294
45
54
250
154
179
1189
1087
972
524
672
1217
456
555
511
621
1002
884
2308
828
1916
1790
427
848
312
807
439
1109
519
1571
884
2488
806
598
1422
530
457
499
234
130
219
87
235
249
206
83
106
167
54
123
148
237
161
183
99
84
92
185
224
231
141
216
163
135
150
285
58
119
177
111
242
255
100
113
127
266
129
67
210
154
116
226
131
86
225
162
132
132
244
138
203
315
359
