Droprate harry.cs.umu.se 8.75%
Latency harry.cs.umu.se 460.77ms
123
363
729
1708
316
573
329
357
524
461
597
618
747
117
85
251
169
104
166
71
303
276
199
250
47
71
133
168
46
77
272
226
54
45
422
364
753
767
894
56
50
204
47
120
195
41
90
120
79
201
72
99
196
179
250
139
244
125
165
217
162
182
226
99
79
61
164
171
88
154
206
219
241
224
39
98
128
62
141
154
92
172
121
74
138
64
206
227
158
210
248
186
129
205
193
177
112
172
101
168
186
58
149
117
101
210
963
170
275
190
103
89
230
153
85
226
72
63
127
124
202
173
353
548
525
265
395
470
241
108
153
104
238
160
230
137
163
105
245
289
104
271
48
111
181
245
221
204
72
141
77
235
198
71
178
213
238
306
100
591
307
389
1714
1143
2470
1649
352
1208
548
1172
377
2193
366
1019
344
1103
848
1819
674
1849
1080
2187
728
2212
762
2224
978
2188
1114
2433
837
227
1535
207
764
805
685
536
816
1019
788
843
752
628
794
1001
874
925
1073
637
429
582
447
1072
2054
446
1128
657
478
1462
3170
577
2168
879
1960
912
2184
888
224
1740
313
463
770
899
383
455
346
457
1024
853
173
123
139
40
162
182
144
116
139
251
188
152
62
74
794
582
723
571
818
873
1051
966
539
597
639
429
585
748
562
683
994
206
242
352
505
479
544
462
441
723
989
577
748
546
476
715
941
228
60
173
68
275
308
235
96
158
225
50
93
84
530
840
1004
723
805
880
822
754
686
906
419
276
421
445
426
52
171
236
44
69
52
73
135
137
111
222
85
226
133
114
41
87
184
255
161
54
633
1116
289
298
832
1207
324
473
491
676
930
542
571
638
737
951
849
773
251
108
210
192
794
229
149
184
223
222
74
76
218
216
178
59
135
173
190
133
231
99
201
154
155
111
227
222
89
164
195
62
200
252
158
304
588
637
555
409
376
420
344
451
454
543
532
642
458
498
431
504
635
867
533
474
415
439
1242
300
564
471
496
526
468
391
442
236
1211
375
697
685
554
371
401
492
421
464
863
790
737
738
844
1057
