Finished Stream
frames per second: 0.03
Bits per second: 29804.94
Droprate bellatrix.cs.umu.se 5.0%
Latency bellatrix.cs.umu.se 153.41ms
186
77
260
207
635
61
77
165
60
167
240
212
147
57
231
219
226
591
195
236
98
53
258
239
185
124
141
165
191
210
404
185
230
216
221
194
110
242
193
244
177
191
174
104
258
189
237
228
114
163
200
91
60
78
74
64
68
200
216
203
68
180
66
202
208
198
103
136
127
170
85
194
132
148
261
183
123
89
180
194
43
173
159
278
84
160
51
221
112
101
252
242
169
107
103
218
42
177
162
250
244
216
112
223
239
230
59
131
180
88
187
115
176
164
72
126
231
91
149
45
250
59
42
164
132
170
143
117
560
47
111
187
199
184
199
143
288
164
77
184
201
183
77
40
77
232
189
80
111
122
112
191
203
57
242
137
81
222
157
142
218
199
50
130
235
129
52
165
234
143
131
47
165
89
146
351
139
61
43
85
56
108
234
197
240
85
53
235
137
140
52
89
133
214
54
214
203
222
192
57
56
104
69
139
209
151
200
170
67
221
222
96
93
128
180
209
130
216
223
184
246
230
132
227
125
244
244
108
185
94
238
165
113
215
70
140
55
216
165
114
115
251
124
139
167
96
117
219
173
126
82
411
247
223
230
245
255
137
132
107
226
53
183
56
179
76
43
212
194
131
254
136
137
189
260
253
116
82
188
183
135
148
96
260
148
243
172
41
49
267
64
86
282
69
92
235
96
130
194
145
219
206
204
227
250
172
65
73
242
240
164
79
134
185
74
165
207
64
96
65
127
72
99
158
210
101
211
250
88
227
39
233
200
80
238
130
144
237
179
198
125
241
138
204
127
158
140
241
65
129
266
111
64
219
47
130
109
94
175
178
58
72
186
192
239
231
250
87
191
238
46
56
172
213
105
207
179
131
138
213
212
251
187
216
169
100
137
232
237
212
162
172
127
244
137
112
250
235
90
97
241
49
125
227
201
66
94
131
82
134
147
119
223
271
220
203
137
187
215
134
78
187
172
73
134
153
222
117
109
230
245
61
148
109
190
249
98
151
55
60
155
189
196
239
76
108
87
225
185
103
131
53
171
100
231
203
228
85
191
158
162
200
190
97
95
61
127
121
86
147
122
127
137
204
149
193
57
144
212
71
168
111
143
149
248
241
43
157
190
258
149
154
111
150
59
127
48
241
241
150
158
242
180
49
161
150
77
69
243
149
208
140
50
225
120
250
121
109
65
196
100
77
258
41
209
117
178
174
164
172
242
123
150
67
213
63
215
251
246
219
108
240
110
122
220
165
130
231
98
62
128
221
169
248
150
119
188
189
89
250
245
61
144
72
74
111
195
234
75
191
176
157
194
112
115
100
104
234
60
190
162
233
122
235
223
145
93
93
183
243
206
158
129
217
146
88
180
102
99
114
118
90
196
251
252
131
59
131
77
132
160
40
46
109
242
215
211
123
65
138
175
269
248
168
119
55
232
231
119
167
56
63
60
89
165
88
203
118
155
157
174
41
118
189
62
132
53
204
359
243
74
113
249
43
158
126
186
227
73
132
93
244
189
209
205
94
170
239
241
255
126
183
80
95
108
132
61
101
200
222
198
84
184
71
39
115
174
214
215
52
68
193
183
99
246
147
46
52
56
92
191
121
247
205
179
60
166
54
167
216
234
157
202
90
168
102
43
80
179
245
167
84
204
156
64
247
179
171
161
187
204
105
74
227
225
227
135
133
173
229
83
223
78
42
83
215
42
220
206
53
250
45
166
223
218
91
191
149
228
63
68
46
116
191
88
130
219
210
112
80
151
212
162
128
232
131
126
142
51
154
163
101
132
117
75
126
144
58
88
193
63
99
536
108
176
187
243
236
115
147
60
161
180
46
244
179
118
174
49
238
91
240
207
129
154
187
231
81
116
46
76
179
205
218
78
216
135
189
220
222
209
253
79
50
156
125
69
40
156
94
68
53
247
181
69
56
113
224
256
209
133
93
161
105
62
376
364
307
172
313
167
128
144
303
178
295
143
165
227
80
63
105
87
151
230
141
240
120
157
44
96
244
136
200
79
240
89
53
188
135
145
140
90
235
44
134
166
80
52
186
238
211
177
87
250
207
74
149
135
79
142
221
151
77
158
66
222
99
193
164
54
145
90
247
95
44
87
145
193
157
75
205
42
72
230
200
84
210
90
213
128
186
109
46
137
146
132
227
196
59
121
145
107
95
93
208
197
69
217
186
178
122
118
71
227
58
103
58
205
194
179
152
165
135
144
98
222
106
190
242
237
88
183
211
143
251
161
152
101
233
50
118
189
104
149
73
113
170
97
83
132
217
250
75
102
109
210
242
246
175
167
51
170
209
127
249
315
90
51
211
245
103
165
135
159
265
180
107
89
199
229
87
159
248
79
53
185
101
126
84
59
167
93
198
250
196
59
46
48
141
221
197
140
58
50
151
168
68
205
103
70
72
146
434
213
235
180
166
118
137
194
167
198
150
107
115
191
153
217
121
187
56
108
119
163
118
218
192
124
228
55
272
114
71
223
229
234
64
171
85
215
44
188
100
100
216
63
219
244
233
196
76
46
62
95
142
86
69
125
153
135
69
43
111
233
61
219
102
102
258
119
103
111
164
83
113
201
66
155
244
234
164
107
192
186
68
119
118
149
165
170
131
279
129
120
161
105
235
106
146
47
218
180
249
165
244
62
218
79
159
132
63
53
169
47
228
177
51
221
107
252
178
158
90
184
120
162
163
307
167
160
192
69
115
196
96
144
190
44
170
153
227
73
57
169
108
113
117
174
79
222
99
136
181
113
215
233
44
43
62
221
44
189
222
150
216
127
118
188
154
78
175
146
41
51
92
195
93
235
244
157
161
196
224
251
227
208
90
53
213
107
110
222
80
234
215
53
138
186
173
178
92
148
214
519
199
148
223
88
531
168
237
148
193
249
206
205
93
100
248
135
219
181
165
52
156
206
53
124
93
197
228
172
137
98
106
127
126
105
130
76
207
110
217
113
191
42
41
99
176
97
92
86
123
201
153
93
79
46
106
46
171
129
218
203
235
45
191
59
241
245
136
62
110
178
137
86
160
219
149
59
239
155
237
211
233
189
210
103
97
81
85
160
77
241
66
81
137
245
127
252
111
244
207
184
232
82
208
106
244
246
72
203
247
243
231
122
54
201
242
111
135
139
224
173
91
188
52
167
51
153
139
73
151
180
216
166
97
191
144
241
119
237
122
169
211
116
160
48
249
238
207
94
65
82
158
134
88
251
213
109
195
220
51
248
64
136
205
178
239
202
141
237
95
190
137
220
57
213
68
57
134
82
62
70
230
52
58
115
164
250
236
135
208
209
222
92
247
156
188
88
122
112
62
64
154
215
99
193
243
182
122
77
147
45
167
46
122
147
152
200
283
125
283
172
327
147
183
75
90
110
169
135
154
42
144
82
95
145
98
241
261
205
106
157
79
150
86
224
225
88
88
272
108
159
105
91
134
146
213
50
243
112
167
229
50
207
224
230
95
56
76
131
187
218
154
85
101
116
41
99
133
109
249
160
88
186
135
193
233
96
188
83
92
138
199
208
93
116
160
250
246
88
110
68
105
92
241
58
182
83
231
56
116
214
86
193
225
83
215
158
42
51
111
188
209
127
59
197
189
186
41
77
61
172
164
217
55
84
59
253
121
74
62
170
143
151
162
239
71
331
73
125
69
84
75
59
230
52
228
60
78
166
127
150
161
163
145
125
83
242
44
144
107
66
51
95
47
232
175
221
200
135
170
202
112
205
92
117
234
240
180
223
117
155
157
148
144
63
189
106
60
55
39
102
173
190
194
245
110
190
153
107
120
188
184
153
230
242
111
236
192
92
190
200
84
65
172
128
39
198
101
154
74
168
204
134
48
215
199
200
76
121
154
173
54
201
195
44
183
236
203
198
201
82
48
213
108
194
202
111
92
229
118
102
223
238
79
145
156
139
233
131
57
87
230
171
104
210
235
137
129
206
143
182
221
61
147
195
138
102
249
249
88
152
245
179
220
250
205
119
211
198
73
39
227
257
237
162
236
57
128
87
221
203
200
194
118
161
242
154
263
177
214
66
154
42
120
273
73
138
53
79
170
238
218
204
124
102
228
66
179
286
49
455
215
138
266
86
132
64
435
143
502
189
204
96
142
189
164
137
128
170
237
