Finished Stream
frames per second: 0.04
Bits per second: 45969.35
Droprate harry.cs.umu.se 8.75%
Latency harry.cs.umu.se 460.77ms
123
363
729
1708
316
573
329
357
524
461
597
618
747
117
85
251
169
104
166
71
303
276
199
250
47
71
133
168
46
77
272
226
54
45
422
364
753
767
894
56
50
204
47
120
195
41
90
120
79
201
72
99
196
179
250
139
244
125
165
217
162
182
226
99
79
61
164
171
88
154
206
219
241
224
39
98
128
62
141
154
92
172
121
74
138
64
206
227
158
210
248
186
129
205
193
177
112
172
101
168
186
58
149
117
101
210
963
170
275
190
103
89
230
153
85
226
72
63
127
124
202
173
353
548
525
265
395
470
241
108
153
104
238
160
230
137
163
105
245
289
104
271
48
111
181
245
221
204
72
141
77
235
198
71
178
213
238
306
100
591
307
389
1714
1143
2470
1649
352
1208
548
1172
377
2193
366
1019
344
1103
848
1819
674
1849
1080
2187
728
2212
762
2224
978
2188
1114
2433
837
227
1535
207
764
805
685
536
816
1019
788
843
752
628
794
1001
874
925
1073
637
429
582
447
1072
2054
446
1128
657
478
1462
3170
577
2168
879
1960
912
2184
888
224
1740
313
463
770
899
383
455
346
457
1024
853
173
123
139
40
162
182
144
116
139
251
188
152
62
74
794
582
723
571
818
873
1051
966
539
597
639
429
585
748
562
683
994
206
242
352
505
479
544
462
441
723
989
577
748
546
476
715
941
228
60
173
68
275
308
235
96
158
225
50
93
84
530
840
1004
723
805
880
822
754
686
906
419
276
421
445
426
52
171
236
44
69
52
73
135
137
111
222
85
226
133
114
41
87
184
255
161
54
633
1116
289
298
832
1207
324
473
491
676
930
542
571
638
737
951
849
773
251
108
210
192
794
229
149
184
223
222
74
76
218
216
178
59
135
173
190
133
231
99
201
154
155
111
227
222
89
164
195
62
200
252
158
304
588
637
555
409
376
420
344
451
454
543
532
642
458
498
431
504
635
867
533
474
415
439
1242
300
564
471
496
526
468
391
442
236
1211
375
697
685
554
371
401
492
421
464
863
790
737
738
844
1057
Droprate draco.cs.umu.se 7.29%
Latency draco.cs.umu.se 486.47ms
72
407
410
595
237
708
381
447
312
328
1102
2538
831
2222
352
1071
507
1256
396
921
878
614
409
803
446
569
379
222
517
272
1066
368
331
411
435
841
855
762
1101
314
512
1084
413
497
378
438
474
377
821
597
1290
2442
842
1986
804
1809
1733
322
281
403
550
576
219
53
174
239
611
737
900
784
908
1108
648
669
605
492
280
289
930
833
1842
703
2024
139
1439
403
458
422
378
495
352
645
656
487
494
588
696
440
399
407
335
383
591
883
1105
175
411
386
601
483
524
760
250
1228
185
553
498
395
345
412
623
426
355
359
540
1088
820
466
1587
1982
471
304
455
516
624
501
705
819
921
350
78
160
79
239
40
243
124
128
74
118
105
214
196
75
90
57
184
296
112
198
66
85
170
206
114
265
141
219
240
181
75
175
225
68
115
190
227
219
241
580
209
76
183
189
109
218
163
41
96
85
198
185
73
134
165
171
132
76
202
85
264
205
77
128
143
236
150
205
223
98
198
201
82
89
271
241
227
123
252
81
61
239
60
71
52
160
230
188
149
130
85
206
322
257
88
990
1758
444
541
381
582
575
992
834
1078
425
384
154
59
233
124
132
258
236
216
178
221
207
195
188
181
84
62
220
232
55
165
46
477
521
533
473
704
594
639
794
226
47
49
150
239
211
213
124
113
757
843
519
882
484
596
858
1120
625
1435
524
870
895
276
42
139
190
211
382
309
436
322
619
941
882
574
770
872
875
715
679
97
100
147
130
246
81
114
168
208
242
179
189
242
145
124
133
243
249
635
883
461
615
972
743
366
428
881
960
397
1071
2103
503
456
421
356
796
749
629
424
540
721
835
858
714
1178
803
1128
547
667
634
510
474
376
551
568
689
864
1016
932
419
198
153
59
46
75
198
140
41
764
830
1046
975
638
1122
585
366
343
1212
389
368
363
535
502
467
441
488
449
405
243
469
609
499
518
461
331
508
600
188
1181
584
382
435
1181
318
547
571
562
631
482
408
330
535
823
344
595
610
748
447
337
479
424
463
469
859
667
772
908
787
1018
Droprate dobby.cs.umu.se 6.04%
Latency dobby.cs.umu.se 361.97ms
134
191
241
124
144
293
112
115
88
47
244
206
153
185
194
233
211
150
62
243
182
57
208
164
92
587
44
203
166
126
41
127
140
167
149
152
102
50
186
159
141
123
804
1148
453
511
513
496
373
499
384
655
566
227
123
123
192
152
84
79
71
81
204
56
204
231
668
482
616
765
684
743
598
880
589
563
683
512
157
194
194
139
264
195
221
140
206
226
121
75
97
68
102
119
65
137
209
242
208
160
207
169
90
279
45
205
89
64
233
295
64
242
111
242
250
43
464
85
58
155
51
289
193
203
113
219
64
41
106
45
160
64
140
47
101
70
198
140
44
269
143
165
255
74
56
224
232
41
271
112
242
203
153
175
88
47
56
114
983
1136
1023
1125
934
128
185
147
44
238
199
110
159
198
209
222
56
158
157
182
132
116
114
92
300
184
209
140
72
50
245
74
83
81
249
73
348
313
143
264
234
54
1057
693
545
604
1117
921
806
776
446
685
876
999
768
1100
167
306
228
236
171
249
53
211
90
101
163
236
92
206
41
157
214
131
999
667
675
875
1019
959
147
120
121
175
258
251
114
89
203
103
307
185
953
441
533
1127
384
329
629
450
336
1045
578
1960
669
1891
1973
528
595
617
696
791
848
264
69
196
254
108
726
508
619
761
1076
497
176
143
200
178
76
51
121
172
123
232
109
245
49
260
72
165
171
192
290
563
745
2058
2128
654
1148
445
1199
384
458
288
446
711
1054
724
497
860
718
828
746
650
249
186
87
77
450
282
304
429
171
446
526
338
464
366
317
605
444
544
673
724
413
768
990
226
235
186
122
314
92
174
316
69
274
71
204
125
294
45
54
250
154
179
1189
1087
972
524
672
1217
456
555
511
621
1002
884
2308
828
1916
1790
427
848
312
807
439
1109
519
1571
884
2488
806
598
1422
530
457
499
234
130
219
87
235
249
206
83
106
167
54
123
148
237
161
183
99
84
92
185
224
231
141
216
163
135
150
285
58
119
177
111
242
255
100
113
127
266
129
67
210
154
116
226
131
86
225
162
132
132
244
138
203
315
359
Droprate bellatrix.cs.umu.se 7.92%
Latency bellatrix.cs.umu.se 428.47ms
168
157
85
89
216
123
200
184
133
109
111
246
140
124
196
185
209
85
709
344
892
923
807
366
717
843
524
450
211
416
512
490
500
415
437
413
735
752
776
184
105
238
229
182
125
192
70
171
103
106
140
108
789
880
768
692
818
128
240
92
620
1016
1823
403
619
582
647
598
664
811
803
1058
573
685
690
579
136
169
163
84
920
597
731
961
452
475
585
471
493
342
471
698
580
451
210
1067
477
525
557
417
604
556
941
161
301
102
683
520
977
272
398
271
214
230
226
121
160
50
42
71
59
99
940
531
513
530
711
114
710
471
645
1042
777
1878
998
2733
239
654
417
184
1140
1761
432
865
382
1068
1228
2387
1024
2824
838
2674
565
2073
890
189
1583
576
142
238
142
63
144
120
244
153
50
95
187
585
858
760
673
660
1007
754
729
1142
833
1045
933
1039
1157
921
920
351
616
961
796
575
734
976
794
751
853
663
824
1015
1023
821
975
280
737
542
307
498
635
922
723
543
214
98
250
54
199
226
97
219
205
109
140
240
251
233
144
155
180
52
142
210
212
125
161
973
816
233
59
78
997
188
606
616
513
344
444
682
718
811
766
1358
548
724
530
888
864
228
74
59
222
196
173
192
141
196
216
121
82
89
538
417
457
434
552
615
622
1009
704
731
629
538
544
988
1097
666
124
43
280
208
269
97
247
182
49
133
43
101
115
124
145
65
51
196
167
221
132
175
306
214
192
129
97
179
179
132
241
102
684
491
345
426
312
373
617
578
497
751
657
444
691
921
1059
222
349
466
192
73
117
208
182
54
126
58
73
208
67
200
50
242
46
206
291
63
77
216
287
224
230
159
158
64
152
234
235
86
141
111
171
245
88
199
174
198
57
200
209
192
136
126
248
159
217
106
145
211
207
102
162
200
252
61
80
171
73
161
204
138
179
156
128
48
118
94
243
253
231
132
176
194
230
212
88
101
176
175
122
217
56
146
64
204
132
70
59
52
238
209
116
251
207
309
44
166
212
53
130
688
898
749
756
998
856
993
