Droprate draco.cs.umu.se 7.29%
Latency draco.cs.umu.se 486.47ms
72
407
410
595
237
708
381
447
312
328
1102
2538
831
2222
352
1071
507
1256
396
921
878
614
409
803
446
569
379
222
517
272
1066
368
331
411
435
841
855
762
1101
314
512
1084
413
497
378
438
474
377
821
597
1290
2442
842
1986
804
1809
1733
322
281
403
550
576
219
53
174
239
611
737
900
784
908
1108
648
669
605
492
280
289
930
833
1842
703
2024
139
1439
403
458
422
378
495
352
645
656
487
494
588
696
440
399
407
335
383
591
883
1105
175
411
386
601
483
524
760
250
1228
185
553
498
395
345
412
623
426
355
359
540
1088
820
466
1587
1982
471
304
455
516
624
501
705
819
921
350
78
160
79
239
40
243
124
128
74
118
105
214
196
75
90
57
184
296
112
198
66
85
170
206
114
265
141
219
240
181
75
175
225
68
115
190
227
219
241
580
209
76
183
189
109
218
163
41
96
85
198
185
73
134
165
171
132
76
202
85
264
205
77
128
143
236
150
205
223
98
198
201
82
89
271
241
227
123
252
81
61
239
60
71
52
160
230
188
149
130
85
206
322
257
88
990
1758
444
541
381
582
575
992
834
1078
425
384
154
59
233
124
132
258
236
216
178
221
207
195
188
181
84
62
220
232
55
165
46
477
521
533
473
704
594
639
794
226
47
49
150
239
211
213
124
113
757
843
519
882
484
596
858
1120
625
1435
524
870
895
276
42
139
190
211
382
309
436
322
619
941
882
574
770
872
875
715
679
97
100
147
130
246
81
114
168
208
242
179
189
242
145
124
133
243
249
635
883
461
615
972
743
366
428
881
960
397
1071
2103
503
456
421
356
796
749
629
424
540
721
835
858
714
1178
803
1128
547
667
634
510
474
376
551
568
689
864
1016
932
419
198
153
59
46
75
198
140
41
764
830
1046
975
638
1122
585
366
343
1212
389
368
363
535
502
467
441
488
449
405
243
469
609
499
518
461
331
508
600
188
1181
584
382
435
1181
318
547
571
562
631
482
408
330
535
823
344
595
610
748
447
337
479
424
463
469
859
667
772
908
787
1018
